[intrinsic_alignment_parameters]
z_piv  = 0.62
A1   = 0.10                                                                  
A2   = 0.0
alpha1 = 0.0
alpha2 = 0.0
bias_ta = 0.0

[cosmological_parameters]
mnu = 0.06
omch2 = 0.1196
ombh2 = 0.02226
h0 = 0.6744
n_s = 0.9671
s_8_input = 0.829
omega_k = 0.0
w = -1.0
wa = 0.0
a_s = 2.113e-09
tau = 0.0538729

[shear_calibration_parameters]
m1 = -0.0062
m2 = -0.0191
m3 = -0.0252
m4 = -0.0369

[wl_photoz_errors]
bias_1 = 0.004
bias_2 = -0.001
bias_3 = 0.0
bias_4 = 0.001
